1200 800
482
0.000000 -1000.000000 0.000000 1000.000000 lambertian 0.500000 0.500000 0.500000
-10.962532 0.200000 -10.999113 0.200000 lambertian 0.256642 0.008430 0.064404
-10.251838 0.200000 -9.790139 0.200000 lambertian 0.014509 0.028267 0.529279
-10.211617 0.200000 -8.731623 0.200000 lambertian 0.167000 0.417721 0.489171
-10.266253 0.200000 -7.930903 0.200000 lambertian 0.025563 0.701255 0.116564
-10.389010 0.200000 -6.659460 0.200000 lambertian 0.078097 0.003890 0.512535
-10.552951 0.200000 -5.832118 0.200000 lambertian 0.325107 0.257698 0.160971
-10.511531 0.200000 -4.614949 0.200000 lambertian 0.040445 0.716053 0.114319
-10.926113 0.200000 -3.699144 0.200000 dielectric 1.500000
-10.391397 0.200000 -2.933164 0.200000 lambertian 0.433290 0.291538 0.376085
-10.131766 0.200000 -1.479829 0.200000 metal 0.555934 0.588464 0.696414
-10.140601 0.200000 -0.269945 0.200000 metal 0.563494 0.843094 0.569458
-10.826344 0.200000 0.000453 0.200000 lambertian 0.347306 0.012449 0.220019
-10.526626 0.200000 1.768018 0.200000 lambertian 0.088093 0.366705 0.193988
-10.318843 0.200000 2.869484 0.200000 lambertian 0.017018 0.113404 0.404988
-10.871105 0.200000 3.719974 0.200000 lambertian 0.835526 0.283486 0.554470
-10.617664 0.200000 4.146726 0.200000 lambertian 0.095833 0.482036 0.014937
-10.151637 0.200000 5.277911 0.200000 metal 0.668859 0.955692 0.965256
-10.126090 0.200000 6.631869 0.200000 lambertian 0.003453 0.077595 0.577555
-10.659591 0.200000 7.266733 0.200000 lambertian 0.005018 0.114170 0.057971
-10.527109 0.200000 8.198953 0.200000 lambertian 0.065627 0.045658 0.436429
-10.470691 0.200000 9.411131 0.200000 lambertian 0.111921 0.330161 0.040918
-10.813066 0.200000 10.158699 0.200000 metal 0.840785 0.996322 0.579457
-9.703591 0.200000 -10.422007 0.200000 metal 0.828991 0.860631 0.911741
-9.626496 0.200000 -9.450672 0.200000 lambertian 0.308990 0.012273 0.630746
-9.749350 0.200000 -8.837196 0.200000 lambertian 0.382135 0.307276 0.290944
-9.722865 0.200000 -7.836689 0.200000 metal 0.995377 0.975727 0.504591
-9.157913 0.200000 -6.456316 0.200000 lambertian 0.061611 0.197499 0.306008
-9.811395 0.200000 -5.955094 0.200000 lambertian 0.208690 0.271875 0.525622
-9.743035 0.200000 -4.969535 0.200000 lambertian 0.521792 0.853051 0.040707
-9.239888 0.200000 -3.381969 0.200000 lambertian 0.013035 0.005113 0.007734
-9.404139 0.200000 -2.201953 0.200000 metal 0.501626 0.546489 0.538170
-9.411383 0.200000 -1.289219 0.200000 lambertian 0.035314 0.184097 0.435834
-9.909212 0.200000 -0.579172 0.200000 lambertian 0.018765 0.008255 0.432815
-9.965834 0.200000 0.056772 0.200000 metal 0.824691 0.723657 0.638333
-9.415308 0.200000 1.438440 0.200000 lambertian 0.221861 0.284549 0.190632
-9.333178 0.200000 2.819702 0.200000 lambertian 0.035513 0.009646 0.155709
-9.568240 0.200000 3.383435 0.200000 lambertian 0.535657 0.554443 0.491925
-9.762140 0.200000 4.026290 0.200000 dielectric 1.500000
-9.860827 0.200000 5.072608 0.200000 lambertian 0.072609 0.120850 0.086511
-9.769577 0.200000 6.059286 0.200000 lambertian 0.742099 0.006008 0.391163
-9.218920 0.200000 7.364617 0.200000 metal 0.992412 0.711667 0.604240
-9.578600 0.200000 8.518636 0.200000 lambertian 0.013483 0.126047 0.353282
-9.196231 0.200000 9.162403 0.200000 lambertian 0.260949 0.116378 0.220935
-9.192106 0.200000 10.452420 0.200000 dielectric 1.500000
-8.590468 0.200000 -10.764846 0.200000 lambertian 0.088276 0.015922 0.251607
-8.284139 0.200000 -9.923769 0.200000 lambertian 0.095479 0.005287 0.083226
-8.911416 0.200000 -8.159429 0.200000 lambertian 0.507119 0.588821 0.289778
-8.312837 0.200000 -7.783632 0.200000 metal 0.707190 0.740525 0.771180
-8.543139 0.200000 -6.525972 0.200000 lambertian 0.097680 0.007163 0.098529
-8.193354 0.200000 -5.895672 0.200000 lambertian 0.350329 0.140975 0.162859
-8.592822 0.200000 -4.165505 0.200000 lambertian 0.186241 0.279322 0.200481
-8.632449 0.200000 -3.965236 0.200000 metal 0.786477 0.764891 0.552581
-8.549188 0.200000 -2.961689 0.200000 lambertian 0.335572 0.012139 0.358193
-8.168816 0.200000 -1.224409 0.200000 lambertian 0.078961 0.171491 0.004450
-8.467561 0.200000 -0.611504 0.200000 lambertian 0.374835 0.579853 0.395475
-8.481716 0.200000 0.053338 0.200000 metal 0.562029 0.914327 0.775587
-8.971383 0.200000 1.001415 0.200000 lambertian 0.033968 0.130254 0.195619
-8.625570 0.200000 2.094448 0.200000 lambertian 0.078090 0.002059 0.213452
-8.381978 0.200000 3.379082 0.200000 lambertian 0.543519 0.053918 0.173744
-8.498973 0.200000 4.156384 0.200000 lambertian 0.515438 0.192500 0.596710
-8.381736 0.200000 5.677444 0.200000 metal 0.831277 0.853954 0.680366
-8.632845 0.200000 6.012367 0.200000 lambertian 0.004167 0.054851 0.146483
-8.640160 0.200000 7.337036 0.200000 lambertian 0.506965 0.314564 0.154111
-8.339975 0.200000 8.110738 0.200000 lambertian 0.089914 0.036976 0.004742
-8.600653 0.200000 9.811041 0.200000 lambertian 0.816617 0.344103 0.010843
-8.358418 0.200000 10.330940 0.200000 lambertian 0.576070 0.249295 0.005696
-7.527852 0.200000 -10.272104 0.200000 lambertian 0.087562 0.349680 0.398846
-7.574641 0.200000 -9.866435 0.200000 lambertian 0.149737 0.086263 0.226352
-7.804918 0.200000 -8.569373 0.200000 metal 0.615496 0.603871 0.551352
-7.275955 0.200000 -7.761482 0.200000 lambertian 0.416230 0.189282 0.028021
-7.432617 0.200000 -6.688644 0.200000 lambertian 0.331584 0.326902 0.009012
-7.355690 0.200000 -5.567698 0.200000 lambertian 0.510804 0.376079 0.010921
-7.224704 0.200000 -4.454071 0.200000 lambertian 0.414442 0.061546 0.096409
-7.376307 0.200000 -3.905814 0.200000 lambertian 0.105429 0.201477 0.014129
-7.478465 0.200000 -2.453204 0.200000 lambertian 0.655109 0.047124 0.033835
-7.979793 0.200000 -1.953537 0.200000 lambertian 0.407302 0.396118 0.059088
-7.381577 0.200000 -0.370212 0.200000 lambertian 0.333757 0.325914 0.308187
-7.486823 0.200000 0.371153 0.200000 lambertian 0.032535 0.070166 0.241366
-7.444221 0.200000 1.209701 0.200000 lambertian 0.327350 0.102958 0.182132
-7.378141 0.200000 2.398728 0.200000 lambertian 0.379120 0.464048 0.015797
-7.215046 0.200000 3.599399 0.200000 metal 0.837406 0.546133 0.575584
-7.716044 0.200000 4.806346 0.200000 lambertian 0.247134 0.148231 0.041036
-7.480452 0.200000 5.669465 0.200000 metal 0.548863 0.823277 0.922735
-7.162765 0.200000 6.723596 0.200000 lambertian 0.114355 0.802027 0.045651
-7.116498 0.200000 7.497577 0.200000 lambertian 0.018290 0.088644 0.262750
-7.435246 0.200000 8.479134 0.200000 lambertian 0.686194 0.088934 0.485774
-7.303351 0.200000 9.431762 0.200000 metal 0.648502 0.598970 0.645862
-7.635672 0.200000 10.282580 0.200000 lambertian 0.033408 0.040707 0.245428
-6.520026 0.200000 -10.558723 0.200000 lambertian 0.016886 0.371165 0.437485
-6.148882 0.200000 -9.218567 0.200000 lambertian 0.117816 0.171087 0.169119
-6.944734 0.200000 -8.831993 0.200000 metal 0.644756 0.595480 0.655177
-6.235911 0.200000 -7.776442 0.200000 dielectric 1.500000
-6.360557 0.200000 -6.588025 0.200000 lambertian 0.303520 0.003067 0.150403
-6.452292 0.200000 -5.753670 0.200000 metal 0.686811 0.597206 0.609099
-6.613929 0.200000 -4.818291 0.200000 lambertian 0.033707 0.579547 0.025461
-6.630986 0.200000 -3.154409 0.200000 metal 0.646490 0.642072 0.849556
-6.471456 0.200000 -2.506934 0.200000 lambertian 0.079448 0.695800 0.051525
-6.603977 0.200000 -1.918423 0.200000 lambertian 0.164556 0.272637 0.270324
-6.149226 0.200000 -0.650811 0.200000 lambertian 0.521445 0.277972 0.329558
-6.198837 0.200000 0.827709 0.200000 lambertian 0.285998 0.053599 0.225951
-6.439452 0.200000 1.263617 0.200000 lambertian 0.117388 0.166026 0.421058
-6.112758 0.200000 2.810685 0.200000 lambertian 0.026894 0.005052 0.175970
-6.788252 0.200000 3.656701 0.200000 lambertian 0.118137 0.011287 0.343820
-6.925229 0.200000 4.674136 0.200000 lambertian 0.822677 0.365078 0.309100
-6.253920 0.200000 5.628342 0.200000 lambertian 0.443859 0.646529 0.742434
-6.475646 0.200000 6.125025 0.200000 lambertian 0.750387 0.598422 0.066701
-6.919357 0.200000 7.089731 0.200000 lambertian 0.454007 0.126770 0.483614
-6.736123 0.200000 8.662107 0.200000 lambertian 0.607774 0.026149 0.435003
-6.930171 0.200000 9.041442 0.200000 dielectric 1.500000
-6.169477 0.200000 10.484874 0.200000 lambertian 0.728730 0.286960 0.017038
-5.885679 0.200000 -10.564249 0.200000 lambertian 0.251263 0.265283 0.510754
-5.577104 0.200000 -9.588140 0.200000 lambertian 0.099193 0.035084 0.479457
-5.346905 0.200000 -8.918761 0.200000 lambertian 0.338993 0.220763 0.152973
-5.761340 0.200000 -7.774580 0.200000 lambertian 0.582262 0.289514 0.079488
-5.567888 0.200000 -6.765189 0.200000 lambertian 0.263896 0.043513 0.482155
-5.607810 0.200000 -5.982732 0.200000 lambertian 0.269056 0.090881 0.520412
-5.949027 0.200000 -4.238583 0.200000 lambertian 0.203332 0.015447 0.013152
-5.534014 0.200000 -3.715331 0.200000 lambertian 0.226949 0.439181 0.648447
-5.400196 0.200000 -2.174628 0.200000 lambertian 0.161463 0.007096 0.080317
-5.993311 0.200000 -1.421075 0.200000 lambertian 0.124509 0.033327 0.093659
-5.101456 0.200000 -0.837913 0.200000 lambertian 0.079554 0.329335 0.057765
-5.781013 0.200000 0.082350 0.200000 lambertian 0.448681 0.159657 0.586141
-5.519964 0.200000 1.541291 0.200000 lambertian 0.009916 0.474276 0.814938
-5.806759 0.200000 2.513746 0.200000 lambertian 0.681201 0.440621 0.015869
-5.715508 0.200000 3.531204 0.200000 lambertian 0.144260 0.010819 0.260637
-5.373006 0.200000 4.175949 0.200000 lambertian 0.481465 0.021734 0.367432
-5.223145 0.200000 5.468401 0.200000 dielectric 1.500000
-5.805017 0.200000 6.453905 0.200000 lambertian 0.284398 0.000218 0.010623
-5.876987 0.200000 7.528474 0.200000 lambertian 0.013005 0.668873 0.059652
-5.252127 0.200000 8.457901 0.200000 lambertian 0.443992 0.396702 0.193142
-5.979225 0.200000 9.424425 0.200000 lambertian 0.414207 0.139481 0.222094
-5.881437 0.200000 10.190696 0.200000 lambertian 0.237385 0.591076 0.400452
-4.201966 0.200000 -10.756696 0.200000 lambertian 0.202026 0.368379 0.165348
-4.807102 0.200000 -9.169194 0.200000 lambertian 0.217339 0.522713 0.840060
-4.505328 0.200000 -8.587253 0.200000 lambertian 0.001266 0.002181 0.667306
-4.420971 0.200000 -7.538569 0.200000 lambertian 0.099590 0.009100 0.077171
-4.119371 0.200000 -6.704330 0.200000 lambertian 0.540709 0.519710 0.018347
-4.618804 0.200000 -5.536792 0.200000 lambertian 0.059030 0.127842 0.063932
-4.661247 0.200000 -4.993961 0.200000 lambertian 0.013718 0.040695 0.750897
-4.150224 0.200000 -3.657341 0.200000 metal 0.956476 0.847702 0.911919
-4.680363 0.200000 -2.426837 0.200000 lambertian 0.154427 0.408495 0.503900
-4.535926 0.200000 -1.764690 0.200000 lambertian 0.082490 0.058860 0.112057
-4.367485 0.200000 -0.914268 0.200000 lambertian 0.043159 0.334143 0.443525
-4.745334 0.200000 0.084071 0.200000 lambertian 0.070741 0.186798 0.005075
-4.542501 0.200000 1.779606 0.200000 lambertian 0.294514 0.557602 0.255601
-4.259768 0.200000 2.512245 0.200000 lambertian 0.003058 0.570344 0.440587
-4.773120 0.200000 3.855279 0.200000 lambertian 0.556832 0.334229 0.106865
-4.583462 0.200000 4.593405 0.200000 lambertian 0.538865 0.320930 0.060202
-4.532917 0.200000 5.887946 0.200000 metal 0.820753 0.988038 0.535027
-4.318226 0.200000 6.141442 0.200000 lambertian 0.078387 0.092021 0.114332
-4.470675 0.200000 7.116164 0.200000 lambertian 0.354267 0.173399 0.199795
-4.722849 0.200000 8.834560 0.200000 lambertian 0.122565 0.109975 0.085527
-4.696924 0.200000 9.495590 0.200000 lambertian 0.071273 0.519207 0.187407
-4.760250 0.200000 10.344518 0.200000 lambertian 0.442009 0.005868 0.113865
-3.145358 0.200000 -10.266219 0.200000 lambertian 0.024999 0.135656 0.012411
-3.182155 0.200000 -9.563852 0.200000 lambertian 0.030778 0.008204 0.284693
-3.956688 0.200000 -8.732371 0.200000 lambertian 0.276473 0.124793 0.043716
-3.649828 0.200000 -7.334639 0.200000 lambertian 0.338562 0.189991 0.095342
-3.898555 0.200000 -6.537771 0.200000 metal 0.673157 0.862568 0.606650
-3.849757 0.200000 -5.761084 0.200000 metal 0.752697 0.658089 0.779865
-3.433142 0.200000 -4.605983 0.200000 lambertian 0.031066 0.139826 0.352365
-3.799161 0.200000 -3.208266 0.200000 lambertian 0.852867 0.219888 0.004211
-3.959430 0.200000 -2.986746 0.200000 lambertian 0.289298 0.006896 0.481988
-3.256598 0.200000 -1.671455 0.200000 lambertian 0.487513 0.133035 0.238011
-3.743804 0.200000 -0.483780 0.200000 metal 0.894308 0.855066 0.530120
-3.844039 0.200000 0.361758 0.200000 lambertian 0.065404 0.093497 0.016913
-3.853370 0.200000 1.863586 0.200000 lambertian 0.194070 0.311404 0.527115
-3.392441 0.200000 2.065837 0.200000 lambertian 0.309507 0.119627 0.343495
-3.904309 0.200000 3.826916 0.200000 lambertian 0.236492 0.454228 0.327251
-3.234483 0.200000 4.721223 0.200000 lambertian 0.035713 0.011142 0.104727
-3.266964 0.200000 5.282032 0.200000 dielectric 1.500000
-3.363709 0.200000 6.391254 0.200000 dielectric 1.500000
-3.463402 0.200000 7.231636 0.200000 lambertian 0.112522 0.021807 0.036003
-3.937214 0.200000 8.292409 0.200000 lambertian 0.376543 0.115535 0.064849
-3.582328 0.200000 9.282442 0.200000 lambertian 0.271697 0.008259 0.568398
-3.697528 0.200000 10.739865 0.200000 lambertian 0.376789 0.285599 0.599262
-2.128054 0.200000 -10.260883 0.200000 lambertian 0.410554 0.154387 0.495727
-2.598359 0.200000 -9.488584 0.200000 metal 0.584483 0.596637 0.946459
-2.297543 0.200000 -8.125582 0.200000 metal 0.521364 0.766297 0.941108
-2.812473 0.200000 -7.897292 0.200000 lambertian 0.646771 0.201150 0.298214
-2.733975 0.200000 -6.104677 0.200000 lambertian 0.939843 0.352433 0.273221
-2.703743 0.200000 -5.314514 0.200000 lambertian 0.031686 0.248168 0.950080
-2.106637 0.200000 -4.306871 0.200000 lambertian 0.356307 0.225951 0.257209
-2.767630 0.200000 -3.188537 0.200000 lambertian 0.489929 0.511389 0.130114
-2.609704 0.200000 -2.755701 0.200000 lambertian 0.121455 0.825330 0.089071
-2.443912 0.200000 -1.950853 0.200000 lambertian 0.069761 0.347257 0.025868
-2.816763 0.200000 -0.753757 0.200000 lambertian 0.126453 0.066821 0.453183
-2.158419 0.200000 0.351271 0.200000 lambertian 0.746981 0.884165 0.073778
-2.232501 0.200000 1.022870 0.200000 metal 0.923811 0.532656 0.752360
-2.150310 0.200000 2.788203 0.200000 lambertian 0.100237 0.105183 0.140106
-2.848667 0.200000 3.193183 0.200000 lambertian 0.110708 0.001000 0.675454
-2.458476 0.200000 4.516144 0.200000 dielectric 1.500000
-2.256325 0.200000 5.788888 0.200000 metal 0.855404 0.703572 0.625181
-2.784673 0.200000 6.507496 0.200000 lambertian 0.068516 0.020339 0.007911
-2.755431 0.200000 7.745205 0.200000 lambertian 0.302258 0.024894 0.247509
-2.495427 0.200000 8.122962 0.200000 lambertian 0.066443 0.261371 0.079708
-2.540473 0.200000 9.454838 0.200000 metal 0.538485 0.922715 0.821051
-2.828655 0.200000 10.736609 0.200000 lambertian 0.135085 0.087116 0.110061
-1.613064 0.200000 -10.969900 0.200000 lambertian 0.282366 0.092356 0.498882
-1.489007 0.200000 -9.171036 0.200000 dielectric 1.500000
-1.523510 0.200000 -8.472815 0.200000 lambertian 0.172502 0.294355 0.196706
-1.653138 0.200000 -7.373686 0.200000 lambertian 0.366073 0.026507 0.819046
-1.241927 0.200000 -6.260931 0.200000 lambertian 0.820893 0.163560 0.242014
-1.578556 0.200000 -5.369881 0.200000 lambertian 0.439347 0.057727 0.089473
-1.164899 0.200000 -4.693917 0.200000 lambertian 0.425024 0.189688 0.061821
-1.643552 0.200000 -3.239921 0.200000 lambertian 0.123083 0.723425 0.085885
-1.367817 0.200000 -2.583856 0.200000 lambertian 0.006735 0.109112 0.119709
-1.449052 0.200000 -1.869857 0.200000 lambertian 0.019086 0.322090 0.547692
-1.462260 0.200000 -0.465248 0.200000 lambertian 0.087854 0.117352 0.425637
-1.326457 0.200000 0.503009 0.200000 lambertian 0.019799 0.226641 0.103749
-1.704590 0.200000 1.894167 0.200000 lambertian 0.081069 0.363216 0.110138
-1.569334 0.200000 2.505932 0.200000 lambertian 0.304770 0.541464 0.188252
-1.941807 0.200000 3.592539 0.200000 dielectric 1.500000
-1.951755 0.200000 4.840171 0.200000 lambertian 0.035791 0.250470 0.037331
-1.318372 0.200000 5.582976 0.200000 lambertian 0.194342 0.021802 0.112298
-1.288068 0.200000 6.408849 0.200000 lambertian 0.414117 0.447460 0.087107
-1.271454 0.200000 7.315073 0.200000 lambertian 0.061974 0.212957 0.534038
-1.379067 0.200000 8.290204 0.200000 lambertian 0.187240 0.602318 0.008898
-1.282718 0.200000 9.333298 0.200000 lambertian 0.101329 0.349895 0.189011
-1.716863 0.200000 10.756774 0.200000 lambertian 0.543018 0.535676 0.225851
-0.614621 0.200000 -10.755868 0.200000 lambertian 0.207822 0.090862 0.286490
-0.134218 0.200000 -9.264295 0.200000 lambertian 0.382228 0.175085 0.023240
-0.171595 0.200000 -8.728913 0.200000 lambertian 0.095886 0.540706 0.794023
-0.262218 0.200000 -7.433009 0.200000 metal 0.617360 0.758027 0.941790
-0.637177 0.200000 -6.399808 0.200000 lambertian 0.793200 0.239385 0.486000
-0.378330 0.200000 -5.197406 0.200000 lambertian 0.841142 0.150942 0.000790
-0.190381 0.200000 -4.540353 0.200000 lambertian 0.098336 0.446539 0.056561
-0.497540 0.200000 -3.918186 0.200000 lambertian 0.504050 0.579153 0.456847
-0.661557 0.200000 -2.827118 0.200000 lambertian 0.151736 0.035138 0.285852
-0.113126 0.200000 -1.602225 0.200000 metal 0.613515 0.577742 0.625098
-0.297972 0.200000 -0.903513 0.200000 lambertian 0.118193 0.818371 0.086250
-0.346252 0.200000 0.514309 0.200000 lambertian 0.229454 0.027660 0.090943
-0.768702 0.200000 1.130141 0.200000 lambertian 0.097164 0.262699 0.035143
-0.152378 0.200000 2.583583 0.200000 lambertian 0.239357 0.267025 0.190013
-0.835537 0.200000 3.691933 0.200000 lambertian 0.051840 0.348195 0.023508
-0.194827 0.200000 4.518442 0.200000 lambertian 0.148329 0.118569 0.001217
-0.971382 0.200000 5.401872 0.200000 lambertian 0.439851 0.160078 0.270833
-0.523792 0.200000 6.749388 0.200000 lambertian 0.432783 0.075373 0.104492
-0.309375 0.200000 7.589245 0.200000 lambertian 0.180832 0.494749 0.031851
-0.586360 0.200000 8.203875 0.200000 metal 0.638216 0.578015 0.948466
-0.945238 0.200000 9.869344 0.200000 lambertian 0.074852 0.016214 0.126226
-0.611926 0.200000 10.835054 0.200000 lambertian 0.004817 0.636413 0.231377
0.804082 0.200000 -10.192456 0.200000 lambertian 0.003196 0.527986 0.488761
0.524149 0.200000 -9.884480 0.200000 lambertian 0.304594 0.219835 0.030755
0.446149 0.200000 -8.192542 0.200000 metal 0.519791 0.656962 0.852987
0.700837 0.200000 -7.327465 0.200000 metal 0.703419 0.572986 0.701912
0.747016 0.200000 -6.503885 0.200000 metal 0.552899 0.944961 0.619115
0.092324 0.200000 -5.808946 0.200000 lambertian 0.329155 0.355039 0.266277
0.735807 0.200000 -4.876295 0.200000 lambertian 0.031733 0.787785 0.206111
0.049352 0.200000 -3.213384 0.200000 lambertian 0.165200 0.237671 0.397922
0.228560 0.200000 -2.948153 0.200000 lambertian 0.033214 0.078327 0.157332
0.702863 0.200000 -1.452140 0.200000 lambertian 0.010531 0.450752 0.104682
0.086700 0.200000 -0.940212 0.200000 lambertian 0.035695 0.039602 0.651682
0.862663 0.200000 0.107440 0.200000 metal 0.645140 0.866050 0.924152
0.292130 0.200000 1.004332 0.200000 metal 0.968878 0.511189 0.752220
0.097380 0.200000 2.642412 0.200000 lambertian 0.426302 0.053976 0.300838
0.327865 0.200000 3.059012 0.200000 lambertian 0.372206 0.187684 0.039174
0.394942 0.200000 4.830786 0.200000 lambertian 0.063156 0.010296 0.127657
0.136978 0.200000 5.039447 0.200000 lambertian 0.131920 0.323469 0.084161
0.260317 0.200000 6.449266 0.200000 lambertian 0.035696 0.234255 0.829049
0.377964 0.200000 7.391002 0.200000 lambertian 0.043110 0.317185 0.318638
0.018882 0.200000 8.069493 0.200000 metal 0.724295 0.552154 0.800255
0.423936 0.200000 9.603732 0.200000 lambertian 0.632366 0.399033 0.056581
0.029289 0.200000 10.828121 0.200000 lambertian 0.372132 0.004874 0.062178
1.414180 0.200000 -10.181744 0.200000 lambertian 0.011760 0.024381 0.109069
1.134872 0.200000 -9.972171 0.200000 lambertian 0.346367 0.274390 0.271813
1.357850 0.200000 -8.423961 0.200000 metal 0.783265 0.575717 0.581844
1.057990 0.200000 -7.946076 0.200000 lambertian 0.061455 0.457644 0.732262
1.853650 0.200000 -6.910414 0.200000 lambertian 0.457212 0.013122 0.007936
1.464959 0.200000 -5.940344 0.200000 lambertian 0.260037 0.207178 0.703667
1.568083 0.200000 -4.149540 0.200000 lambertian 0.128707 0.094678 0.583711
1.752625 0.200000 -3.149988 0.200000 lambertian 0.039319 0.506813 0.570541
1.231149 0.200000 -2.908144 0.200000 metal 0.698965 0.580058 0.817253
1.808888 0.200000 -1.965149 0.200000 lambertian 0.047354 0.016475 0.273476
1.876934 0.200000 -0.962202 0.200000 lambertian 0.161598 0.353752 0.231203
1.297706 0.200000 0.326903 0.200000 lambertian 0.021526 0.265688 0.010607
1.246269 0.200000 1.743892 0.200000 lambertian 0.424075 0.480756 0.010984
1.876826 0.200000 2.599004 0.200000 metal 0.955539 0.960784 0.820083
1.875501 0.200000 3.712373 0.200000 lambertian 0.454444 0.429560 0.158692
1.311291 0.200000 4.277771 0.200000 lambertian 0.082600 0.005108 0.086272
1.660597 0.200000 5.505524 0.200000 metal 0.613623 0.927632 0.819931
1.477386 0.200000 6.254935 0.200000 lambertian 0.775320 0.610148 0.105761
1.076859 0.200000 7.452095 0.200000 lambertian 0.227362 0.039009 0.035316
1.506039 0.200000 8.849632 0.200000 lambertian 0.006670 0.438438 0.406379
1.100888 0.200000 9.051752 0.200000 metal 0.844487 0.602946 0.949485
1.606341 0.200000 10.232420 0.200000 lambertian 0.020357 0.014657 0.125907
2.263728 0.200000 -10.747189 0.200000 lambertian 0.440306 0.026145 0.220269
2.275008 0.200000 -9.564322 0.200000 lambertian 0.345380 0.459867 0.452850
2.053342 0.200000 -8.277715 0.200000 lambertian 0.079165 0.040167 0.142994
2.477144 0.200000 -7.625506 0.200000 lambertian 0.771564 0.125415 0.147417
2.112870 0.200000 -6.854138 0.200000 lambertian 0.192059 0.253188 0.185236
2.461211 0.200000 -5.427337 0.200000 lambertian 0.169496 0.472063 0.381731
2.480268 0.200000 -4.537917 0.200000 lambertian 0.022967 0.569800 0.009851
2.243856 0.200000 -3.368742 0.200000 lambertian 0.093112 0.115334 0.782486
2.854422 0.200000 -2.984205 0.200000 lambertian 0.755879 0.396545 0.229636
2.432607 0.200000 -1.173802 0.200000 lambertian 0.748538 0.826781 0.349663
2.348796 0.200000 -0.152538 0.200000 lambertian 0.228854 0.120451 0.407545
2.271536 0.200000 0.490598 0.200000 metal 0.907318 0.831959 0.768466
2.636992 0.200000 1.306957 0.200000 metal 0.966376 0.920566 0.968366
2.004301 0.200000 2.670995 0.200000 metal 0.983819 0.673368 0.982972
2.180544 0.200000 3.895532 0.200000 lambertian 0.246236 0.072132 0.212082
2.412054 0.200000 4.094873 0.200000 lambertian 0.421269 0.080643 0.183275
2.063798 0.200000 5.353252 0.200000 metal 0.868918 0.830382 0.864103
2.170007 0.200000 6.808974 0.200000 lambertian 0.191982 0.314805 0.111728
2.345107 0.200000 7.620439 0.200000 metal 0.508541 0.508190 0.664678
2.000127 0.200000 8.013879 0.200000 lambertian 0.300398 0.933867 0.114808
2.105967 0.200000 9.166328 0.200000 lambertian 0.320918 0.423600 0.005132
2.479322 0.200000 10.225346 0.200000 lambertian 0.113678 0.131303 0.537369
3.356606 0.200000 -10.865441 0.200000 lambertian 0.150871 0.112916 0.116047
3.187986 0.200000 -9.617834 0.200000 lambertian 0.532998 0.131486 0.005427
3.133711 0.200000 -8.573956 0.200000 dielectric 1.500000
3.138371 0.200000 -7.908342 0.200000 lambertian 0.081935 0.052066 0.066190
3.360294 0.200000 -6.283335 0.200000 lambertian 0.071944 0.232986 0.114937
3.501809 0.200000 -5.421246 0.200000 lambertian 0.775028 0.012665 0.418600
3.612169 0.200000 -4.666465 0.200000 lambertian 0.281489 0.059120 0.184498
3.669558 0.200000 -3.467937 0.200000 lambertian 0.500156 0.026983 0.799109
3.074903 0.200000 -2.663503 0.200000 metal 0.811035 0.899115 0.675730
3.786344 0.200000 -1.154637 0.200000 lambertian 0.294851 0.519292 0.035844
3.060846 0.200000 -0.711168 0.200000 lambertian 0.013931 0.117258 0.000703
3.549748 0.200000 1.429168 0.200000 metal 0.628793 0.605212 0.660645
3.516462 0.200000 2.049738 0.200000 metal 0.898156 0.803842 0.995330
3.642720 0.200000 3.131910 0.200000 metal 0.515414 0.980932 0.956277
3.428181 0.200000 4.884660 0.200000 lambertian 0.287843 0.427194 0.440999
3.640805 0.200000 5.693249 0.200000 lambertian 0.704793 0.421553 0.077793
3.596926 0.200000 6.505646 0.200000 lambertian 0.134306 0.687986 0.024701
3.335091 0.200000 7.312084 0.200000 dielectric 1.500000
3.617340 0.200000 8.166470 0.200000 lambertian 0.019358 0.215625 0.018318
3.768069 0.200000 9.585172 0.200000 dielectric 1.500000
3.549237 0.200000 10.659675 0.200000 lambertian 0.068303 0.124190 0.271179
4.554906 0.200000 -10.719230 0.200000 lambertian 0.384232 0.284907 0.170949
4.518852 0.200000 -9.748202 0.200000 lambertian 0.029943 0.440582 0.941266
4.559230 0.200000 -8.335621 0.200000 lambertian 0.092398 0.331448 0.701105
4.417384 0.200000 -7.435063 0.200000 lambertian 0.375519 0.879087 0.247729
4.304244 0.200000 -6.320718 0.200000 lambertian 0.542548 0.098627 0.155067
4.449600 0.200000 -5.507729 0.200000 lambertian 0.080858 0.043561 0.485162
4.184844 0.200000 -4.800857 0.200000 metal 0.962840 0.838766 0.825417
4.545493 0.200000 -3.532241 0.200000 lambertian 0.306892 0.338349 0.094698
4.392411 0.200000 -2.839713 0.200000 lambertian 0.455349 0.086780 0.111878
4.303814 0.200000 -1.552737 0.200000 metal 0.709817 0.552426 0.976360
4.023760 0.200000 1.690457 0.200000 lambertian 0.005053 0.365420 0.124454
4.203185 0.200000 2.160648 0.200000 lambertian 0.637830 0.189218 0.303470
4.304326 0.200000 3.807042 0.200000 lambertian 0.447832 0.014473 0.070033
4.200392 0.200000 4.614440 0.200000 metal 0.606807 0.744347 0.848544
4.491418 0.200000 5.315508 0.200000 lambertian 0.014097 0.218708 0.769490
4.766969 0.200000 6.682229 0.200000 lambertian 0.257816 0.179212 0.238870
4.854403 0.200000 7.301688 0.200000 lambertian 0.166588 0.058651 0.041854
4.571126 0.200000 8.205883 0.200000 lambertian 0.080510 0.517847 0.036592
4.270653 0.200000 9.825481 0.200000 lambertian 0.668007 0.299517 0.309069
4.278437 0.200000 10.830794 0.200000 lambertian 0.178524 0.083157 0.105487
5.800051 0.200000 -10.532663 0.200000 metal 0.515239 0.939240 0.773759
5.160416 0.200000 -9.643600 0.200000 lambertian 0.059509 0.108525 0.026672
5.807883 0.200000 -8.953601 0.200000 lambertian 0.715585 0.007283 0.007948
5.860727 0.200000 -7.738074 0.200000 lambertian 0.711210 0.348984 0.275164
5.453453 0.200000 -6.560168 0.200000 lambertian 0.201366 0.073097 0.344299
5.008285 0.200000 -5.748590 0.200000 lambertian 0.580079 0.603044 0.649746
5.456404 0.200000 -4.943200 0.200000 metal 0.988516 0.521686 0.753741
5.123044 0.200000 -3.467554 0.200000 lambertian 0.270509 0.595104 0.087706
5.443732 0.200000 -2.199307 0.200000 lambertian 0.317996 0.018914 0.030410
5.192826 0.200000 -1.254385 0.200000 lambertian 0.109457 0.122661 0.523718
5.160440 0.200000 -0.551263 0.200000 lambertian 0.087101 0.271060 0.024507
5.424185 0.200000 0.049924 0.200000 dielectric 1.500000
5.668118 0.200000 1.820382 0.200000 metal 0.681190 0.903671 0.579095
5.238282 0.200000 2.036977 0.200000 lambertian 0.611818 0.161221 0.037945
5.614144 0.200000 3.495813 0.200000 lambertian 0.375419 0.238883 0.126631
5.854659 0.200000 4.209294 0.200000 metal 0.680150 0.839450 0.797637
5.441419 0.200000 5.004068 0.200000 lambertian 0.338615 0.232736 0.081615
5.739197 0.200000 6.451089 0.200000 lambertian 0.650880 0.182263 0.123282
5.008716 0.200000 7.219679 0.200000 metal 0.965409 0.556756 0.537370
5.751679 0.200000 8.181897 0.200000 lambertian 0.246008 0.244544 0.382856
5.363915 0.200000 9.518538 0.200000 lambertian 0.068465 0.390265 0.059842
5.659971 0.200000 10.001642 0.200000 lambertian 0.095619 0.777449 0.496857
6.223223 0.200000 -10.640296 0.200000 metal 0.982656 0.660157 0.518356
6.844785 0.200000 -9.973024 0.200000 metal 0.641522 0.900940 0.898500
6.171960 0.200000 -8.940825 0.200000 lambertian 0.264091 0.414859 0.062384
6.192037 0.200000 -7.329597 0.200000 lambertian 0.022512 0.128989 0.562976
6.116701 0.200000 -6.431214 0.200000 lambertian 0.459998 0.345451 0.292655
6.180201 0.200000 -5.733122 0.200000 lambertian 0.116939 0.000290 0.118899
6.682535 0.200000 -4.384696 0.200000 lambertian 0.259136 0.034805 0.038563
6.232707 0.200000 -3.979347 0.200000 lambertian 0.318828 0.009269 0.679211
6.173681 0.200000 -2.804977 0.200000 metal 0.622156 0.880035 0.792072
6.753793 0.200000 -1.672694 0.200000 lambertian 0.099812 0.289023 0.141142
6.286400 0.200000 -0.527823 0.200000 lambertian 0.329608 0.446171 0.054191
6.016016 0.200000 0.407877 0.200000 lambertian 0.272298 0.081100 0.207828
6.046825 0.200000 1.407756 0.200000 lambertian 0.827092 0.044558 0.131272
6.052817 0.200000 2.327032 0.200000 lambertian 0.250933 0.283386 0.159984
6.808446 0.200000 3.855003 0.200000 metal 0.764441 0.692653 0.971536
6.090769 0.200000 4.106392 0.200000 dielectric 1.500000
6.544222 0.200000 5.799288 0.200000 lambertian 0.038885 0.067730 0.244309
6.386270 0.200000 6.706401 0.200000 lambertian 0.125828 0.341270 0.125232
6.811092 0.200000 7.610801 0.200000 lambertian 0.002123 0.086967 0.067339
6.417593 0.200000 8.662164 0.200000 lambertian 0.075415 0.439034 0.109234
6.607576 0.200000 9.809374 0.200000 lambertian 0.404322 0.003152 0.215273
6.529809 0.200000 10.148928 0.200000 lambertian 0.156796 0.092422 0.067389
7.199256 0.200000 -10.674503 0.200000 lambertian 0.006419 0.251910 0.502874
7.022682 0.200000 -9.512427 0.200000 lambertian 0.321735 0.050295 0.041649
7.374820 0.200000 -8.948604 0.200000 lambertian 0.093925 0.037601 0.400251
7.718097 0.200000 -7.139296 0.200000 lambertian 0.296058 0.353140 0.247910
7.173607 0.200000 -6.233281 0.200000 lambertian 0.010275 0.243435 0.238273
7.608532 0.200000 -5.968181 0.200000 metal 0.519637 0.626203 0.559557
7.799362 0.200000 -4.717018 0.200000 metal 0.847118 0.738742 0.691761
7.162996 0.200000 -3.720009 0.200000 lambertian 0.514457 0.156897 0.076113
7.499514 0.200000 -2.160348 0.200000 lambertian 0.069612 0.053096 0.130080
7.116237 0.200000 -1.638488 0.200000 metal 0.832581 0.697011 0.682850
7.473098 0.200000 -0.381137 0.200000 lambertian 0.360153 0.258151 0.068395
7.882095 0.200000 0.681072 0.200000 metal 0.729778 0.947081 0.595109
7.253365 0.200000 1.025237 0.200000 lambertian 0.193641 0.143828 0.096116
7.444136 0.200000 2.766387 0.200000 lambertian 0.031949 0.009521 0.109543
7.351813 0.200000 3.443620 0.200000 lambertian 0.248648 0.233272 0.238911
7.384450 0.200000 4.545489 0.200000 lambertian 0.080073 0.136926 0.008611
7.395865 0.200000 5.370075 0.200000 lambertian 0.007080 0.063880 0.215414
7.138348 0.200000 6.027268 0.200000 metal 0.631680 0.575468 0.657203
7.329731 0.200000 7.169003 0.200000 lambertian 0.252335 0.011252 0.038751
7.352644 0.200000 8.898903 0.200000 lambertian 0.063419 0.002407 0.505457
7.090980 0.200000 9.690462 0.200000 lambertian 0.008299 0.215634 0.019254
7.502069 0.200000 10.714799 0.200000 lambertian 0.031674 0.340018 0.611494
8.835283 0.200000 -10.610500 0.200000 lambertian 0.111170 0.095995 0.727417
8.043908 0.200000 -9.527045 0.200000 lambertian 0.324446 0.003390 0.017425
8.192309 0.200000 -8.190782 0.200000 lambertian 0.308131 0.013565 0.543236
8.549088 0.200000 -7.384599 0.200000 lambertian 0.159782 0.361801 0.364124
8.608710 0.200000 -6.167686 0.200000 lambertian 0.453949 0.097193 0.165109
8.257276 0.200000 -5.584755 0.200000 metal 0.706880 0.852993 0.886425
8.496129 0.200000 -4.951839 0.200000 lambertian 0.019352 0.628822 0.008791
8.275832 0.200000 -3.356407 0.200000 lambertian 0.009828 0.225891 0.214633
8.263124 0.200000 -2.793341 0.200000 lambertian 0.013082 0.012161 0.093214
8.887033 0.200000 -1.923387 0.200000 lambertian 0.715377 0.432915 0.040840
8.020941 0.200000 -0.808899 0.200000 lambertian 0.489381 0.003403 0.363428
8.160514 0.200000 0.010747 0.200000 lambertian 0.152443 0.064619 0.241256
8.486168 0.200000 1.654029 0.200000 lambertian 0.089662 0.000452 0.669850
8.298759 0.200000 2.754694 0.200000 lambertian 0.042553 0.354135 0.419096
8.605443 0.200000 3.574666 0.200000 lambertian 0.026799 0.007793 0.607352
8.530774 0.200000 4.822421 0.200000 lambertian 0.066177 0.173997 0.438886
8.537249 0.200000 5.296207 0.200000 lambertian 0.944987 0.334494 0.287931
8.691982 0.200000 6.567168 0.200000 lambertian 0.003560 0.178816 0.078767
8.064381 0.200000 7.521670 0.200000 lambertian 0.388862 0.008036 0.260963
8.320853 0.200000 8.459096 0.200000 lambertian 0.482581 0.472700 0.907558
8.876516 0.200000 9.262575 0.200000 lambertian 0.820675 0.571457 0.025219
8.181508 0.200000 10.152541 0.200000 lambertian 0.127977 0.483014 0.131325
9.283243 0.200000 -10.192841 0.200000 lambertian 0.091993 0.117109 0.401980
9.418730 0.200000 -9.420377 0.200000 lambertian 0.000281 0.119560 0.040803
9.386580 0.200000 -8.363995 0.200000 lambertian 0.242891 0.032126 0.103693
9.198693 0.200000 -7.695026 0.200000 metal 0.822185 0.870756 0.773452
9.814425 0.200000 -6.924931 0.200000 lambertian 0.686550 0.220784 0.012019
9.700641 0.200000 -5.905519 0.200000 lambertian 0.361474 0.365057 0.239174
9.031490 0.200000 -4.482148 0.200000 lambertian 0.096787 0.007873 0.732322
9.131237 0.200000 -3.999968 0.200000 lambertian 0.261269 0.473650 0.110425
9.257409 0.200000 -2.630518 0.200000 lambertian 0.598839 0.056995 0.611202
9.199717 0.200000 -1.930634 0.200000 lambertian 0.227230 0.014339 0.382107
9.859343 0.200000 -0.563229 0.200000 lambertian 0.007571 0.307276 0.300455
9.877796 0.200000 0.665473 0.200000 lambertian 0.182086 0.200679 0.127222
9.320521 0.200000 1.295986 0.200000 lambertian 0.202785 0.175643 0.277424
9.372080 0.200000 2.497580 0.200000 lambertian 0.541119 0.077978 0.061462
9.767170 0.200000 3.143177 0.200000 lambertian 0.741006 0.025054 0.085520
9.247899 0.200000 4.825254 0.200000 metal 0.705100 0.777345 0.931802
9.678175 0.200000 5.401979 0.200000 dielectric 1.500000
9.814471 0.200000 6.179143 0.200000 lambertian 0.122629 0.027211 0.009069
9.517874 0.200000 7.655498 0.200000 lambertian 0.810875 0.023125 0.074027
9.474260 0.200000 8.552779 0.200000 lambertian 0.026296 0.194797 0.116886
9.802328 0.200000 9.828112 0.200000 lambertian 0.178631 0.625915 0.072180
9.758156 0.200000 10.549397 0.200000 lambertian 0.127074 0.423943 0.138436
10.300897 0.200000 -10.159579 0.200000 lambertian 0.876208 0.337257 0.684934
10.390555 0.200000 -9.891384 0.200000 lambertian 0.621608 0.253262 0.212698
10.073112 0.200000 -8.103173 0.200000 lambertian 0.006846 0.785122 0.150009
10.490934 0.200000 -7.954016 0.200000 lambertian 0.067368 0.984584 0.006434
10.457201 0.200000 -6.197751 0.200000 lambertian 0.533911 0.536290 0.277527
10.814529 0.200000 -5.677048 0.200000 metal 0.945021 0.709642 0.501649
10.391093 0.200000 -4.183231 0.200000 lambertian 0.185351 0.834229 0.018063
10.388346 0.200000 -3.689708 0.200000 lambertian 0.741474 0.016327 0.163140
10.394142 0.200000 -2.557094 0.200000 lambertian 0.191902 0.228104 0.004456
10.454024 0.200000 -1.506910 0.200000 lambertian 0.172597 0.063801 0.312241
10.650832 0.200000 -0.702788 0.200000 lambertian 0.088974 0.465900 0.829187
10.525363 0.200000 0.235729 0.200000 metal 0.696602 0.926307 0.636329
10.028018 0.200000 1.418268 0.200000 lambertian 0.040463 0.169280 0.064939
10.177027 0.200000 2.889930 0.200000 lambertian 0.302632 0.070967 0.539335
10.782506 0.200000 3.784697 0.200000 lambertian 0.043404 0.036601 0.220443
10.405280 0.200000 4.827904 0.200000 lambertian 0.225124 0.307379 0.376367
10.728477 0.200000 5.880931 0.200000 lambertian 0.439163 0.341115 0.148710
10.722317 0.200000 6.396220 0.200000 metal 0.655389 0.789942 0.520136
10.895732 0.200000 7.615705 0.200000 metal 0.570319 0.660259 0.584727
10.137432 0.200000 8.026552 0.200000 lambertian 0.126573 0.737930 0.270756
10.389510 0.200000 9.586471 0.200000 lambertian 0.319456 0.026716 0.079886
10.300463 0.200000 10.163109 0.200000 lambertian 0.171435 0.805647 0.447533
0.000000 1.000000 0.000000 1.000000 dielectric 1.500000
-4.000000 1.000000 0.000000 1.000000 lambertian 0.400000 0.200000 0.100000
4.000000 1.000000 0.000000 1.000000 metal 0.700000 0.600000 0.500000
